10,228
10,22
10,16
10,84
10,156
10,136
10,64
10,306
10,2
10,3
11,22
11,28
11,18
9,7
9,2
9,3
8,18
8,10
8,14
8,13
8,6
8,15
50,4
50,3
50,2
50,1
50,0
49,3
49,2
49,1
49,0
48,3
48,2
48,1
48,0
47,5
47,4
47,3
47,2
47,1
47,0
46,4
46,3
46,2
46,1
46,0
44,5
44,4
44,3
44,2
44,1
44,0
41,5
41,4
41,3
41,2
41,1
41,0
39,5
39,4
39,3
39,2
39,1
39,0
27,3
27,1
11,29
11,25
12,2
12,1
12,3
11,24
11,23
11,21
11,20
11,19
11,17
11,16
11,13
11,12
11,10
11,9
11,8
11,7
11,6
11,5
11,4
11,3
11,2
11,1
10,291
10,281
10,277
10,274
10,265
10,254
20,2
20,1
10,247
20,3
19,2
19,1
19,3
10,219
10,215
10,213
10,203
10,177
10,171
